"Year","Federal.Minimum.Wage","Federal.Minimum.Wage.2020.Dollars","CPI.Average","GDP"
1968,1.15,8.55,34.8,4.79
1968,1.15,8.55,34.8,4.79
1969,1.15,8.11,36.7,4.94
1969,1.15,8.11,36.7,4.94
1970,1.3,8.67,38.8,4.95
1970,1.3,8.67,38.8,4.95
1971,1.3,8.3,40.5,5.11
1971,1.3,8.3,40.5,5.11
1972,1.6,9.9,41.8,5.38
1972,1.6,9.9,41.8,5.38
1973,1.6,9.32,44.4,5.69
1973,1.6,9.32,44.4,5.69
1974,1.6,8.39,49.3,5.66
1974,1.6,8.39,49.3,5.66
1975,1.6,7.69,53.8,5.65
1975,1.6,7.69,53.8,5.65
1976,2.2,10,56.9,5.95
1976,2.2,10,56.9,5.95
1977,2.2,9.39,60.6,6.22
1977,2.2,9.39,60.6,6.22
1978,2.2,8.73,65.2,6.57
1978,2.2,8.73,65.2,6.57
1979,2.9,10.33,72.6,6.78
1979,2.9,10.33,72.6,6.78
1980,3.1,9.73,82.4,6.76
1980,3.1,9.73,82.4,6.76
1981,3.35,9.53,90.9,6.93
1981,3.35,9.53,90.9,6.93
1982,3.35,8.98,96.5,6.81
1982,3.35,8.98,96.5,6.81
1983,3.35,8.7,99.6,7.12
1983,3.35,8.7,99.6,7.12
1984,3.35,8.34,103.9,7.63
1984,3.35,8.34,103.9,7.63
1985,3.35,8.05,107.6,7.95
1985,3.35,8.05,107.6,7.95
1986,3.35,7.91,109.6,8.23
1986,3.35,7.91,109.6,8.23
1987,3.35,7.63,113.6,8.51
1987,3.35,7.63,113.6,8.51
1988,3.35,7.32,118.3,8.87
1988,3.35,7.32,118.3,8.87
1989,3.35,6.99,124,9.19
1989,3.35,6.99,124,9.19
1990,3.35,6.63,130.7,9.37
1990,3.35,6.63,130.7,9.37
1991,3.8,7.22,136.2,9.36
1991,3.8,7.22,136.2,9.36
1992,4.25,7.84,140.3,9.69
1992,4.25,7.84,140.3,9.69
1993,4.25,7.61,144.5,9.95
1993,4.25,7.61,144.5,9.95
1994,4.25,7.42,148.2,10.35
1994,4.25,7.42,148.2,10.35
1995,4.25,7.21,152.4,10.63
1995,4.25,7.21,152.4,10.63
1996,4.25,7.01,156.9,11.03
1996,4.25,7.01,156.9,11.03
1997,4.75,7.66,160.5,11.52
1997,4.75,7.66,160.5,11.52
1998,5.15,8.17,163,12.04
1998,5.15,8.17,163,12.04
1999,5.15,8,166.6,12.61
1999,5.15,8,166.6,12.61
2000,5.15,7.74,172.2,13.13
2000,5.15,7.74,172.2,13.13
2001,5.15,7.52,177.1,13.26
2001,5.15,7.52,177.1,13.26
2002,5.15,7.4,179.9,13.49
2002,5.15,7.4,179.9,13.49
2003,5.15,7.24,184,13.88
2003,5.15,7.24,184,13.88
2004,5.15,7.05,188.9,14.41
2004,5.15,7.05,188.9,14.41
2005,5.15,6.82,195.3,14.91
2005,5.15,6.82,195.3,14.91
2006,5.15,6.61,201.6,15.34
2006,5.15,6.61,201.6,15.34
2007,5.15,6.42,207.342,15.63
2007,5.15,6.42,207.342,15.63
2008,5.85,7.03,215.303,15.61
2008,5.85,7.03,215.303,15.61
2009,6.55,7.9,214.537,15.21
2009,6.55,7.9,214.537,15.21
2010,7.25,8.6,218.056,15.6
2010,7.25,8.6,218.056,15.6
2011,7.25,8.34,224.939,15.84
2011,7.25,8.34,224.939,15.84
2012,7.25,8.17,229.594,16.2
2012,7.25,8.17,229.594,16.2
2013,7.25,8.05,232.957,16.5
2013,7.25,8.05,232.957,16.5
2014,7.25,7.92,236.736,16.91
2014,7.25,7.92,236.736,16.91
2015,7.25,7.91,237.017,17.43
2015,7.25,7.91,237.017,17.43
2016,7.25,7.81,240.007,17.73
2016,7.25,7.81,240.007,17.73
2017,7.25,7.65,245.12,18.14
2017,7.25,7.65,245.12,18.14
2018,7.25,7.47,251.107,18.69
2018,7.25,7.47,251.107,18.69
2019,7.25,7.34,255.657,19.092
2019,7.25,7.34,255.657,19.092
2020,7.25,7.25,258.66,NA
2020,7.25,7.25,258.66,NA
